1767784121776 0.2623811057357368 0
1767784213145 0.44171227022200527 1
1767784306509 0.5346141330301365 2
1767784400526 0.5999159604987888 3
1767784493807 0.6354149945341345 4
1767784587880 0.6485564570220349 5
1767784682235 0.6662862991117875 6
1767784776136 0.6708756318624003 7
1767784869553 0.6965317157462245 8
1767784963530 0.6981353969666528 9
1767785057193 0.7005577723062587 10
1767785150440 0.7194222482498493 11
1767785244688 0.7387116435977037 12
1767785337850 0.7350663789758527 13
1767785431291 0.7323098229108613 14
1767785525575 0.7516627104320583 15
1767785619418 0.7452716095574545 16
1767785713962 0.7693072100469177 17
1767785807457 0.7542853688874571 18
1767785901680 0.7566651824100623 19
1767785995527 0.7515598625607454 20
1767786089347 0.7694379333940958 21
1767786183412 0.7798480429782382 22
1767786277049 0.7866737537505792 23
1767786371479 0.7850392615105128 24
1767786471873 0.7852748229490706 25
1767786567310 0.7865498022581053 26
1767786661269 0.7738010662781416 27
