1767784121775 2.0604351268095127 0
1767784213144 1.808022272937438 1
1767784306507 1.7309274918892805 2
1767784400525 1.6096013907124014 3
1767784493806 1.526480511707418 4
1767784587879 1.5706899534253513 5
1767784682234 1.4670098169761545 6
1767784776134 1.4696528648628908 7
1767784869552 1.4328263279269724 8
1767784963529 1.411619161858278 9
1767785057192 1.4004168825991012 10
1767785150439 1.3929527691181969 11
1767785244687 1.3667027538313585 12
1767785337849 1.4331638926968855 13
1767785431290 1.384442636195351 14
1767785525574 1.3213945478200912 15
1767785619416 1.3882460190969355 16
1767785713961 1.332789091502919 17
1767785807456 1.357245137586313 18
1767785901679 1.3470450429355396 19
1767785995526 1.3447951683226753 20
1767786089346 1.3250346043530632 21
1767786183411 1.299501376116977 22
1767786277047 1.2653878585380667 23
1767786371478 1.2666147351264954 24
1767786471871 1.32262004561284 25
1767786567309 1.2632672900662703 26
1767786661267 1.3463079762809418 27
